//colorbrewer 3 class
==3CLASS
5
0.0   1.0 1.0 1.0 1.0
0.001 0.996 0.91 0.784 1.0
0.5   0.992 0.733 0.518 1.0
0.75  0.89 0.29 0.2 1.0
1.0   0.89 0.29 0.2 1.0

//colorbrewer 4 class
==4CLASS
6
0.0   1.0 1.0 1.0 1.0
0.001 0.996 0.941 0.851 1.0
0.5 0.992 0.8 0.541 1.0
0.6 0.988 0.553 0.349 1.0
0.8 0.843 0.188 0.122 1.0
1.0 0.843 0.188 0.122 1.0

//colorbrewer 5 class
==5CLASS
7
0.0   1.0 1.0 1.0 1.0
0.001 0.996 0.941 0.851 1.0
0.5 0.992 0.8 0.541 1.0
0.6 0.988 0.553 0.349 1.0
0.7 0.89 0.29 0.2 1.0
0.8 0.702 0 0 1.0
1.0 0.702 0 0 1.0

//colorbrewer 6 class
==6CLASS
8
0.0 1.0 1.0 1.0 1.0
0.001 0.996 0.941 0.851 1.0
0.4 0.992 0.831 0.62 1.0
0.5 0.992 0.733 0.518 1.0
0.6 0.988 0.553 0.349 1.0
0.7 0.89 0.29 0.2 1.0
0.8 0.702 0 0 1.0
1.0 0.702 0 0 1.0


//blue-white-red
==BWR
3
0.0 0.0 0.0 1.0 1.0
0.5 1.0 1.0 1.0 1.0
1.0 1.0 0.0 0.0 1.0

//my color scheme
==FLAME
6
0.0 0.0 0.0 0.0 1.0
0.2 0.294117647 0.0 0.509803922 1.0
0.4 1.0 0.0 0.0 1.0
0.6 1.0 0.647058824 0.0 1.0
0.8 1.0 1.0 0.0 1.0
1.0 1.0 1.0 1.0 1.0

//heat = black body radiation
==HEAT
4
0.0  0.0 0.0 0.0 1.0
0.4  1.0 0.0 0.0 1.0
0.75 1.0 1.0 0.0 1.0
1.0  1.0 1.0 1.0 1.0

//blue - red
==BR
2
0.0 0.0 0.0 1.0 1.0
1.0 1.0 0.0 0.0 1.0

//black green white
==BGW
3
0.0 0.0 0.0 0.0 1.0
0.5 0.0 1.0 0.0 1.0
1.0 1.0 1.0 1.0 1.0

//black - white
==Grayscale
4
0.0 0.0 0.0 0.0 1.0
0.2 0.0 0.0 0.0 1.0
0.8 1.0 1.0 1.0 1.0
1.0 1.0 1.0 1.0 1.0
