//blue-white-red
==BWR
3
0.0 0.0 0.0 1.0 1.0
0.5 1.0 1.0 1.0 1.0
1.0 1.0 0.0 0.0 1.0

//my color scheme
==FLAME
6
0.0 0.0 0.0 0.0 1.0
0.2 0.294117647 0.0 0.509803922 1.0
0.4 1.0 0.0 0.0 1.0
0.6 1.0 0.647058824 0.0 1.0
0.8 1.0 1.0 0.0 1.0
1.0 1.0 1.0 1.0 1.0

//heat = black body radiation
==HEAT
4
0.0  0.0 0.0 0.0 1.0
0.4  1.0 0.0 0.0 1.0
0.75 1.0 1.0 0.0 1.0
1.0  1.0 1.0 1.0 1.0

//blue - red
==BR
2
0.0 0.0 0.0 1.0 1.0
1.0 1.0 0.0 0.0 1.0

//black green white
==BGW
3
0.0 0.0 0.0 0.0 1.0
0.5 0.0 1.0 0.0 1.0
1.0 1.0 1.0 1.0 1.0

//black - white
==Grayscale
4
0.0 0.0 0.0 0.0 1.0
0.2 0.0 0.0 0.0 1.0
0.8 1.0 1.0 1.0 1.0
1.0 1.0 1.0 1.0 1.0
